(53.8928062, 27.5442249)	(53.8925149, 27.5456908)	300
(53.8925149, 27.5456908)	(53.8920275, 27.5479814)	400
(53.8920275, 27.5479814)	(53.8921049, 27.5483553)	55
(53.8921049, 27.5483553)    	(53.8923041, 27.5488005)	25
(53.8923041, 27.5488005)	(53.8926139, 27.5491265)	40
(53.8926139, 27.5491265)	(53.8937536, 27.5499859)	150
(53.8937536, 27.5499859)	(53.8949607, 27.5486813)	230
(53.8949607, 27.5486813)	(53.8943316, 27.5466462)	200
(53.8943316, 27.5466462)	(53.8933646, 27.5450113)	120
(53.8925149, 27.5456908)	(53.8927267, 27.5458135)	50
(53.8927267, 27.5458135)	(53.8928121, 27.5453602)	70
(53.8928121, 27.5453602)	(53.8928943, 27.5453173)	35
(53.8928943, 27.5453173)	(53.8929733, 27.5453307)	23
(53.8929733, 27.5453307)	(53.8931836, 27.5454155)	17
(53.8931836, 27.5454155)	(53.8933646, 27.5450113)	80
(53.8928062, 27.5442249)	(53.8933646, 27.5450113)	200